[info]: name:  bays29 , dim:  29 , format:  FULL_MATRIX
[info]: position:
 [[   0. 1150.  630.   40.  750.  750. 1030. 1650. 1490.  790.  710.  840.
  1170.  970.  510.  750. 1280.  230.  460. 1040.  590.  830.  490. 1840.
  1260. 1280.  490. 1460. 1260.  360.]
 [   0. 1760. 1660. 2090. 1100. 2030. 2070.  650. 1630. 2260. 1310.  550.
  2300. 1340.  700.  900. 1200.  590.  860.  950. 1390. 1770.  500. 1240.
  1500.  790. 2130. 1420. 1910. 1980.]]
[info]: dis_matrix:
 [[   0.            0.            0.            0.            0.
     0.            0.            0.            0.            0.
     0.            0.            0.            0.            0.
     0.            0.            0.            0.            0.
     0.            0.            0.            0.            0.
     0.            0.            0.            0.            0.        ]
 [   0.            0.          529.52809179 1158.01554394  771.75125526
   482.59714048  332.41540277 1217.41529479  364.00549446  616.11687203
   629.3647591  1249.07966119  540.37024344  456.94638635 1238.22453537
   948.47245611  574.89129407 1488.38839017 1134.06349029  817.43501271
   671.19296778  320.15621187 1422.39235094  864.00231481  282.31188427
   978.67257037  756.63729752  460.10868281  186.01075238  820.06097334]
 [   0.          529.52809179    0.          730.06848994  572.71284253
   388.97300678  572.80013966 1435.44418213  860.52309673  620.96698785
   359.02646142 1129.69022303  837.37685662  466.9047012   967.4709298
   769.41536247  796.30396206 1142.32219623  817.86306922  819.87803971
   272.94688128  228.25424421 1168.41773352 1280.82004981  650.
  1086.00184162  490.40799341  864.00231481  677.79052811  418.68842831]
 [   0.         1158.01554394  730.06848994    0.         1218.2774725
   712.53070109  990.20199959 2160.02314802 1521.21661837  769.02535719
  1028.25094213 1735.39620836 1149.34764106 1194.7384651  1467.31046476
  1385.71281296 1526.33548082 1511.98544967 1299.73074135 1516.44320698
   890.22469074  852.34969349 1652.45272247 1990.60292374 1355.17526542
  1796.55225362  451.77427992 1570.12738337 1233.20720076  338.37848631]
 [   0.          771.75125526  572.71284253 1218.2774725     0.
   930.         1009.60388272 1006.23058987  910.21975369 1160.68945028
   213.77558326  557.31499172 1271.37720603  325.57641192  466.47615159
   200.          539.35146241  728.35430939  376.43060449  326.49655435
   331.20990323  674.75921631  653.91130897 1098.95404817  648.15121692
   614.00325732 1062.30880633  778.7810989   957.18336801  962.54870007]
 [   0.          482.59714048  388.97300678  712.53070109  930.
     0.          282.84271247 1647.54362613  841.18963379  233.4523506
   721.11025509 1482.7339613   499.29950931  724.22372234 1351.48066949
  1130.          984.78424033 1531.01273672 1205.40449642 1118.25757319
   659.6969001   272.02941017 1551.93427696 1346.17977997  735.52702194
  1348.51770474  278.56776554  936.05555391  523.9274759   393.19206503]
 [   0.          332.41540277  572.80013966  990.20199959 1009.60388272
   282.84271247    0.         1549.45151586  636.55321851  306.1045573
   824.62112512 1531.82897218  269.25824036  732.46160309 1465.36684827
  1203.03782152  905.20715861 1682.37926759 1337.53504627 1120.04464197
   809.93826925  360.55512755 1660.27106221 1159.74135047  614.65437443
  1304.18556962  543.32310829  779.35871074  280.17851452  676.01775125]
 [   0.         1217.41529479 1435.44418213 2160.02314802 1006.23058987
  1647.54362613 1549.45151586    0.          992.97532698 1825.29449679
  1148.56432123  816.14949611 1718.40041899  968.7620967  1141.09596441
   934.07708461  662.87253677 1421.26704036 1208.38735511  679.77937597
  1292.7490089  1388.09221596 1169.65806969  619.83868869  935.20051326
   395.6008089  1880.42548377  793.09520236 1318.97687622 1852.8356646 ]
 [   0.          364.00549446  860.52309673 1521.21661837  910.21975369
   841.18963379  636.55321851  992.97532698    0.          941.7536833
   843.08955633 1260.51576745  742.49579123  595.39902586 1351.03663903
  1039.47101932  478.53944456 1633.76864947 1286.00155521  815.41400528
   931.45048178  674.68511174 1508.94002532  524.02290026  264.19689627
   865.85218138 1118.03398875  212.13203436  362.35341864 1182.96238317]
 [   0.          616.11687203  620.96698785  769.02535719 1160.68945028
   233.4523506   306.1045573  1825.29449679  941.7536833     0.
   953.36247042 1710.73083798  382.09946349  937.44333162 1584.92902049
  1360.58810814 1167.77566339 1761.39149538 1438.36712977 1333.64163102
   892.69255626  491.62994213 1785.38511252 1463.86474785  893.58827208
  1549.51605348  326.95565449 1074.47661678  586.00341296  513.12766443]
 [   0.          629.3647591   359.02646142 1028.25094213  213.77558326
   721.11025509  824.62112512 1148.56432123  843.08955633  953.36247042
     0.          771.03826105 1091.6501271   261.72504657  641.95015383
   411.94659848  580.51701095  865.33230611  514.78150705  488.36461788
   144.22205102  475.39457296  839.34498271 1132.16606556  581.89346104
   771.55686764  848.99941107  758.02374633  813.9410298   755.91004756]
 [   0.         1249.07966119 1129.69022303 1735.39620836  557.31499172
  1482.7339613  1531.82897218  816.14949611 1260.51576745 1710.73083798
   771.03826105    0.         1780.84249725  800.62475605  362.49137921
   361.38621999  784.92037813  611.31006862  490.40799341  447.2135955
   876.41314458 1220.04098292  353.55339059 1214.94855858 1038.70111197
   501.19856345 1618.30157882 1068.31643252 1423.37626789 1508.40975865]
 [   0.          540.37024344  837.37685662 1149.34764106 1271.37720603
   499.29950931  269.25824036 1718.40041899  742.49579123  382.09946349
  1091.6501271  1780.84249725    0.          980.61205377 1730.78017091
  1461.64291125 1105.48631832 1951.3328778  1605.52172206 1356.24481566
  1079.12001186  629.68245966 1924.16215533 1253.9936204   805.0465825
  1514.001321    700.92795636  926.55275079  400.24992192  870.91905479]
 [   0.          456.94638635  466.9047012  1194.7384651   325.57641192
   724.22372234  732.46160309  968.7620967   595.39902586  937.44333162
   261.72504657  800.62475605  980.61205377    0.          788.16241981
   491.93495505  340.14702703 1053.61283212  700.3570518   396.23225512
   383.27535793  452.21676218  967.4709298   875.72826836  331.20990323
   631.34776471  924.39169187  496.48766349  639.53107821  884.13799828]
 [   0.         1238.22453537  967.4709298  1467.31046476  466.47615159
  1351.48066949 1465.36684827 1141.09596441 1351.03663903 1584.92902049
   641.95015383  362.49137921 1730.78017091  788.16241981    0.
   312.40998704  918.09585556  300.83217913  167.63054614  586.00341296
   694.62219947 1116.8258593   200.99751242 1435.44418213 1096.58560997
   775.24189773 1430.1398533  1192.01510058 1423.58701877 1288.75909308]
 [   0.          948.47245611  769.41536247 1385.71281296  200.
  1130.         1203.03782152  934.07708461 1039.47101932 1360.58810814
   411.94659848  361.38621999 1461.64291125  491.93495505  312.40998704
     0.          609.01559914  605.39243471  292.74562337  294.27877939
   515.46095875  873.67041841  477.07441768 1141.79682956  787.4642849
   541.29474411 1257.17938259  880.05681635 1131.45923479 1148.25955254]
 [   0.          574.89129407  796.30396206 1526.33548082  539.35146241
   984.78424033  905.20715861  662.87253677  478.53944456 1167.77566339
   580.51701095  784.92037813 1105.48631832  340.14702703  918.09585556
   609.01559914    0.         1214.33109159  887.69364085  346.55446902
   715.6814934   726.22310621 1055.50935571  561.4267539   300.66592757
   410.         1220.24587686  284.25340807  710.28163428 1206.15090267]
 [   0.         1488.38839017 1142.32219623 1511.98544967  728.35430939
  1531.01273672 1682.37926759 1421.26704036 1633.76864947 1761.39149538
   865.33230611  611.31006862 1951.3328778  1053.61283212  300.83217913
   605.39243471 1214.33109159    0.          354.68295702  886.39720216
   877.26848798 1323.78245947  275.13632984 1736.26034914 1374.40896388
  1068.87791632 1561.79384043 1483.84635323 1674.30582631 1396.06590102]
 [   0.         1134.06349029  817.86306922 1299.73074135  376.43060449
  1205.40449642 1337.53504627 1208.38735511 1286.00155521 1438.36712977
   514.78150705  490.40799341 1605.52172206  700.3570518   167.63054614
   292.74562337  887.69364085  354.68295702    0.          586.94122363
   545.71054599  982.34413522  361.24783736 1431.36298681 1024.49987799
   822.98238134 1270.35428129 1146.12390255 1320.03787824 1124.45542375]
 [   0.          817.43501271  819.87803971 1516.44320698  326.49655435
  1118.25757319 1120.04464197  679.77937597  815.41400528 1333.64163102
   488.36461788  447.2135955  1356.24481566  396.23225512  586.00341296
   294.27877939  346.55446902  886.39720216  586.94122363    0.
   629.3647591   846.46323015  710.63352018  850.94065598  592.36812878
   288.44410204 1301.88325129  630.31738037  984.88578018 1234.22040171]
 [   0.          671.19296778  272.94688128  890.22469074  331.20990323
   659.6969001   809.93826925 1292.7490089   931.45048178  892.69255626
   144.22205102  876.41314458 1079.12001186  383.27535793  694.62219947
   515.46095875  715.6814934   877.26848798  545.71054599  629.3647591
     0.          449.44410108  895.6003573  1258.9678312   678.96980787
   914.38503925  746.7261881   870.51708771  848.11555816  633.24560796]
 [   0.          320.15621187  228.25424421  852.34969349  674.75921631
   272.02941017  360.55512755 1388.09221596  674.68511174  491.62994213
   475.39457296 1220.04098292  629.68245966  452.21676218 1116.8258593
   873.67041841  726.22310621 1323.78245947  982.34413522  846.46323015
   449.44410108    0.         1314.7243057  1140.61386981  507.74009099
  1078.37841225  495.17673613  720.69410987  452.21676218  514.78150705]
 [   0.         1422.39235094 1168.41773352 1652.45272247  653.91130897
  1551.93427696 1660.27106221 1169.65806969 1508.94002532 1785.38511252
   839.34498271  353.55339059 1924.16215533  967.4709298   200.99751242
   477.07441768 1055.50935571  275.13632984  361.24783736  710.63352018
   895.6003573  1314.7243057     0.         1539.51290998 1262.10142223
   841.546196   1630.         1336.89939786 1606.54909667 1485.69848893]
 [   0.          864.00231481 1280.82004981 1990.60292374 1098.95404817
  1346.17977997 1159.74135047  619.83868869  524.02290026 1463.86474785
  1132.16606556 1214.94855858 1253.9936204   875.72826836 1435.44418213
  1141.79682956  561.4267539  1736.26034914 1431.36298681  850.94065598
  1258.9678312  1140.61386981 1539.51290998    0.          635.60994328
   718.40100223 1616.97247967  420.47592083  886.17154096 1654.69030335]
 [   0.          282.31188427  650.         1355.17526542  648.15121692
   735.52702194  614.65437443  935.20051326  264.19689627  893.58827208
   581.89346104 1038.70111197  805.0465825   331.20990323 1096.58560997
   787.4642849   300.66592757 1374.40896388 1024.49987799  592.36812878
   678.96980787  507.74009099 1262.10142223  635.60994328    0.
   710.28163428  994.88692825  215.40659229  410.         1020.        ]
 [   0.          978.67257037 1086.00184162 1796.55225362  614.00325732
  1348.51770474 1304.18556962  395.6008089   865.85218138 1549.51605348
   771.55686764  501.19856345 1514.001321    631.34776471  775.24189773
   541.29474411  410.         1068.87791632  822.98238134  288.44410204
   914.38503925 1078.37841225  841.546196    718.40100223  710.28163428
     0.         1555.53849197  655.20989004 1120.1785572  1504.16089565]
 [   0.          756.63729752  490.40799341  451.77427992 1062.30880633
   278.56776554  543.32310829 1880.42548377 1118.03398875  326.95565449
   848.99941107 1618.30157882  700.92795636  924.39169187 1430.1398533
  1257.17938259 1220.24587686 1561.79384043 1270.35428129 1301.88325129
   746.7261881   495.17673613 1630.         1616.97247967  994.88692825
  1555.53849197    0.         1202.08152802  800.81208782  198.49433241]
 [   0.          460.10868281  864.00231481 1570.12738337  778.7810989
   936.05555391  779.35871074  793.09520236  212.13203436 1074.47661678
   758.02374633 1068.31643252  926.55275079  496.48766349 1192.01510058
   880.05681635  284.25340807 1483.84635323 1146.12390255  630.31738037
   870.51708771  720.69410987 1336.89939786  420.47592083  215.40659229
   655.20989004 1202.08152802    0.          529.2447449  1234.34192994]
 [   0.          186.01075238  677.79052811 1233.20720076  957.18336801
   523.9274759   280.17851452 1318.97687622  362.35341864  586.00341296
   813.9410298  1423.37626789  400.24992192  639.53107821 1423.58701877
  1131.45923479  710.28163428 1674.30582631 1320.03787824  984.88578018
   848.11555816  452.21676218 1606.54909667  886.17154096  410.
  1120.1785572   800.81208782  529.2447449     0.          902.71811769]
 [   0.          820.06097334  418.68842831  338.37848631  962.54870007
   393.19206503  676.01775125 1852.8356646  1182.96238317  513.12766443
   755.91004756 1508.40975865  870.91905479  884.13799828 1288.75909308
  1148.25955254 1206.15090267 1396.06590102 1124.45542375 1234.22040171
   633.24560796  514.78150705 1485.69848893 1654.69030335 1020.
  1504.16089565  198.49433241 1234.34192994  902.71811769    0.        ]]
[info]: edge_weight:
 [[  0.   0.   0.   0.   0.   0.   0.   0.   0.   0.   0.   0.   0.   0.
    0.   0.   0.   0.   0.   0.   0.   0.   0.   0.   0.   0.   0.   0.
    0.   0.]
 [  0.   0. 107. 241. 190. 124.  80. 316.  76. 152. 157. 283. 133. 113.
  297. 228. 129. 348. 276. 188. 150.  65. 341. 184.  67. 221. 169. 108.
   45. 167.]
 [  0. 107.   0. 148. 137.  88. 127. 336. 183. 134.  95. 254. 180. 101.
  234. 175. 176. 265. 199. 182.  67.  42. 278. 271. 146. 251. 105. 191.
  139.  79.]
 [  0. 241. 148.   0. 374. 171. 259. 509. 317. 217. 232. 491. 312. 280.
  391. 412. 349. 422. 356. 355. 204. 182. 435. 417. 292. 424. 116. 337.
  273.  77.]
 [  0. 190. 137. 374.   0. 202. 234. 222. 192. 248.  42. 117. 287.  79.
  107.  38. 121. 152.  86.  68.  70. 137. 151. 239. 135. 137. 242. 165.
  228. 205.]
 [  0. 124.  88. 171. 202.   0.  61. 392. 202.  46. 160. 319. 112. 163.
  322. 240. 232. 314. 287. 238. 155.  65. 366. 300. 175. 307.  57. 220.
  121.  97.]
 [  0.  80. 127. 259. 234.  61.   0. 386. 141.  72. 167. 351.  55. 157.
  331. 272. 226. 362. 296. 232. 164.  85. 375. 249. 147. 301. 118. 188.
   60. 185.]
 [  0. 316. 336. 509. 222. 392. 386.   0. 233. 438. 254. 202. 439. 235.
  254. 210. 187. 313. 266. 154. 282. 321. 298. 168. 249.  95. 437. 190.
  314. 435.]
 [  0.  76. 183. 317. 192. 202. 141. 233.   0. 213. 188. 272. 193. 131.
  302. 233.  98. 344. 289. 177. 216. 141. 346. 108.  57. 190. 245.  43.
   81. 243.]
 [  0. 152. 134. 217. 248.  46.  72. 438. 213.   0. 206. 365.  89. 209.
  368. 286. 278. 360. 333. 284. 201. 111. 412. 321. 221. 353.  72. 266.
  132. 111.]
 [  0. 157.  95. 232.  42. 160. 167. 254. 188. 206.   0. 159. 220.  57.
  149.  80. 132. 193. 127. 100.  28.  95. 193. 241. 131. 169. 200. 161.
  189. 163.]
 [  0. 283. 254. 491. 117. 319. 351. 202. 272. 365. 159.   0. 404. 176.
  106.  79. 161. 165. 141.  95. 187. 254. 103. 279. 215. 117. 359. 216.
  308. 322.]
 [  0. 133. 180. 312. 287. 112.  55. 439. 193.  89. 220. 404.   0. 210.
  384. 325. 279. 415. 349. 285. 217. 138. 428. 310. 200. 354. 169. 241.
  112. 238.]
 [  0. 113. 101. 280.  79. 163. 157. 235. 131. 209.  57. 176. 210.   0.
  186. 117.  75. 231. 165.  81.  85.  92. 230. 184.  74. 150. 208. 104.
  158. 206.]
 [  0. 297. 234. 391. 107. 322. 331. 254. 302. 368. 149. 106. 384. 186.
    0.  69. 191.  59.  35. 125. 167. 255.  44. 309. 245. 169. 327. 246.
  335. 288.]
 [  0. 228. 175. 412.  38. 240. 272. 210. 233. 286.  80.  79. 325. 117.
   69.   0. 122. 122.  56.  56. 108. 175. 113. 240. 176. 125. 280. 177.
  266. 243.]
 [  0. 129. 176. 349. 121. 232. 226. 187.  98. 278. 132. 161. 279.  75.
  191. 122.   0. 244. 178.  66. 160. 161. 235. 118.  62.  92. 277.  55.
  155. 275.]
 [  0. 348. 265. 422. 152. 314. 362. 313. 344. 360. 193. 165. 415. 231.
   59. 122. 244.   0.  66. 178. 198. 286.  77. 362. 287. 228. 358. 299.
  380. 319.]
 [  0. 276. 199. 356.  86. 287. 296. 266. 289. 333. 127. 141. 349. 165.
   35.  56. 178.  66.   0. 112. 132. 220.  79. 296. 232. 181. 292. 233.
  314. 253.]
 [  0. 188. 182. 355.  68. 238. 232. 154. 177. 284. 100.  95. 285.  81.
  125.  56.  66. 178. 112.   0. 128. 167. 169. 179. 120.  69. 283. 121.
  213. 281.]
 [  0. 150.  67. 204.  70. 155. 164. 282. 216. 201.  28. 187. 217.  85.
  167. 108. 160. 198. 132. 128.   0.  88. 211. 269. 159. 197. 172. 189.
  182. 135.]
 [  0.  65.  42. 182. 137.  65.  85. 321. 141. 111.  95. 254. 138.  92.
  255. 175. 161. 286. 220. 167.  88.   0. 299. 229. 104. 236. 110. 149.
   97. 108.]
 [  0. 341. 278. 435. 151. 366. 375. 298. 346. 412. 193. 103. 428. 230.
   44. 113. 235.  77.  79. 169. 211. 299.   0. 353. 289. 213. 371. 290.
  379. 332.]
 [  0. 184. 271. 417. 239. 300. 249. 168. 108. 321. 241. 279. 310. 184.
  309. 240. 118. 362. 296. 179. 269. 229. 353.   0. 121. 162. 345.  80.
  189. 342.]
 [  0.  67. 146. 292. 135. 175. 147. 249.  57. 221. 131. 215. 200.  74.
  245. 176.  62. 287. 232. 120. 159. 104. 289. 121.   0. 154. 220.  41.
   93. 218.]
 [  0. 221. 251. 424. 137. 307. 301.  95. 190. 353. 169. 117. 354. 150.
  169. 125.  92. 228. 181.  69. 197. 236. 213. 162. 154.   0. 352. 147.
  247. 350.]
 [  0. 169. 105. 116. 242.  57. 118. 437. 245.  72. 200. 359. 169. 208.
  327. 280. 277. 358. 292. 283. 172. 110. 371. 345. 220. 352.   0. 265.
  178.  39.]
 [  0. 108. 191. 337. 165. 220. 188. 190.  43. 266. 161. 216. 241. 104.
  246. 177.  55. 299. 233. 121. 189. 149. 290.  80.  41. 147. 265.   0.
  124. 263.]
 [  0.  45. 139. 273. 228. 121.  60. 314.  81. 132. 189. 308. 112. 158.
  335. 266. 155. 380. 314. 213. 182.  97. 379. 189.  93. 247. 178. 124.
    0. 199.]
 [  0. 167.  79.  77. 205.  97. 185. 435. 243. 111. 163. 322. 238. 206.
  288. 243. 275. 319. 253. 281. 135. 108. 332. 342. 218. 350.  39. 263.
  199.   0.]]
[info] 10 generations completed.
[info] 20 generations completed.
[info] 30 generations completed.
[info] 40 generations completed.
[info] 50 generations completed.
[info] 60 generations completed.
[info] 70 generations completed.
[info] 80 generations completed.
[info] 90 generations completed.
[info] 100 generations completed.
[info] 110 generations completed.
[info] 120 generations completed.
[info] 130 generations completed.
[info] 140 generations completed.
[info] 150 generations completed.
[info] 160 generations completed.
[info] 170 generations completed.
[info] 180 generations completed.
[info] 190 generations completed.
[info] 200 generations completed.
experinced time:  5.706442594528198  s.
