[info]: name:  bayg29 , dim:  29 , format:  UPPER_ROW
[info]: position:
 [[   0. 1150.  630.   40.  750.  750. 1030. 1650. 1490.  790.  710.  840.
  1170.  970.  510.  750. 1280.  230.  460. 1040.  590.  830.  490. 1840.
  1260. 1280.  490. 1460. 1260.  360.]
 [   0. 1760. 1660. 2090. 1100. 2030. 2070.  650. 1630. 2260. 1310.  550.
  2300. 1340.  700.  900. 1200.  590.  860.  950. 1390. 1770.  500. 1240.
  1500.  790. 2130. 1420. 1910. 1980.]]
[info]: dis_matrix:
 [[   0.            0.            0.            0.            0.
     0.            0.            0.            0.            0.
     0.            0.            0.            0.            0.
     0.            0.            0.            0.            0.
     0.            0.            0.            0.            0.
     0.            0.            0.            0.            0.        ]
 [   0.            0.          529.52809179 1158.01554394  771.75125526
   482.59714048  332.41540277 1217.41529479  364.00549446  616.11687203
   629.3647591  1249.07966119  540.37024344  456.94638635 1238.22453537
   948.47245611  574.89129407 1488.38839017 1134.06349029  817.43501271
   671.19296778  320.15621187 1422.39235094  864.00231481  282.31188427
   978.67257037  756.63729752  460.10868281  186.01075238  820.06097334]
 [   0.          529.52809179    0.          730.06848994  572.71284253
   388.97300678  572.80013966 1435.44418213  860.52309673  620.96698785
   359.02646142 1129.69022303  837.37685662  466.9047012   967.4709298
   769.41536247  796.30396206 1142.32219623  817.86306922  819.87803971
   272.94688128  228.25424421 1168.41773352 1280.82004981  650.
  1086.00184162  490.40799341  864.00231481  677.79052811  418.68842831]
 [   0.         1158.01554394  730.06848994    0.         1218.2774725
   712.53070109  990.20199959 2160.02314802 1521.21661837  769.02535719
  1028.25094213 1735.39620836 1149.34764106 1194.7384651  1467.31046476
  1385.71281296 1526.33548082 1511.98544967 1299.73074135 1516.44320698
   890.22469074  852.34969349 1652.45272247 1990.60292374 1355.17526542
  1796.55225362  451.77427992 1570.12738337 1233.20720076  338.37848631]
 [   0.          771.75125526  572.71284253 1218.2774725     0.
   930.         1009.60388272 1006.23058987  910.21975369 1160.68945028
   213.77558326  557.31499172 1271.37720603  325.57641192  466.47615159
   200.          539.35146241  728.35430939  376.43060449  326.49655435
   331.20990323  674.75921631  653.91130897 1098.95404817  648.15121692
   614.00325732 1062.30880633  778.7810989   957.18336801  962.54870007]
 [   0.          482.59714048  388.97300678  712.53070109  930.
     0.          282.84271247 1647.54362613  841.18963379  233.4523506
   721.11025509 1482.7339613   499.29950931  724.22372234 1351.48066949
  1130.          984.78424033 1531.01273672 1205.40449642 1118.25757319
   659.6969001   272.02941017 1551.93427696 1346.17977997  735.52702194
  1348.51770474  278.56776554  936.05555391  523.9274759   393.19206503]
 [   0.          332.41540277  572.80013966  990.20199959 1009.60388272
   282.84271247    0.         1549.45151586  636.55321851  306.1045573
   824.62112512 1531.82897218  269.25824036  732.46160309 1465.36684827
  1203.03782152  905.20715861 1682.37926759 1337.53504627 1120.04464197
   809.93826925  360.55512755 1660.27106221 1159.74135047  614.65437443
  1304.18556962  543.32310829  779.35871074  280.17851452  676.01775125]
 [   0.         1217.41529479 1435.44418213 2160.02314802 1006.23058987
  1647.54362613 1549.45151586    0.          992.97532698 1825.29449679
  1148.56432123  816.14949611 1718.40041899  968.7620967  1141.09596441
   934.07708461  662.87253677 1421.26704036 1208.38735511  679.77937597
  1292.7490089  1388.09221596 1169.65806969  619.83868869  935.20051326
   395.6008089  1880.42548377  793.09520236 1318.97687622 1852.8356646 ]
 [   0.          364.00549446  860.52309673 1521.21661837  910.21975369
   841.18963379  636.55321851  992.97532698    0.          941.7536833
   843.08955633 1260.51576745  742.49579123  595.39902586 1351.03663903
  1039.47101932  478.53944456 1633.76864947 1286.00155521  815.41400528
   931.45048178  674.68511174 1508.94002532  524.02290026  264.19689627
   865.85218138 1118.03398875  212.13203436  362.35341864 1182.96238317]
 [   0.          616.11687203  620.96698785  769.02535719 1160.68945028
   233.4523506   306.1045573  1825.29449679  941.7536833     0.
   953.36247042 1710.73083798  382.09946349  937.44333162 1584.92902049
  1360.58810814 1167.77566339 1761.39149538 1438.36712977 1333.64163102
   892.69255626  491.62994213 1785.38511252 1463.86474785  893.58827208
  1549.51605348  326.95565449 1074.47661678  586.00341296  513.12766443]
 [   0.          629.3647591   359.02646142 1028.25094213  213.77558326
   721.11025509  824.62112512 1148.56432123  843.08955633  953.36247042
     0.          771.03826105 1091.6501271   261.72504657  641.95015383
   411.94659848  580.51701095  865.33230611  514.78150705  488.36461788
   144.22205102  475.39457296  839.34498271 1132.16606556  581.89346104
   771.55686764  848.99941107  758.02374633  813.9410298   755.91004756]
 [   0.         1249.07966119 1129.69022303 1735.39620836  557.31499172
  1482.7339613  1531.82897218  816.14949611 1260.51576745 1710.73083798
   771.03826105    0.         1780.84249725  800.62475605  362.49137921
   361.38621999  784.92037813  611.31006862  490.40799341  447.2135955
   876.41314458 1220.04098292  353.55339059 1214.94855858 1038.70111197
   501.19856345 1618.30157882 1068.31643252 1423.37626789 1508.40975865]
 [   0.          540.37024344  837.37685662 1149.34764106 1271.37720603
   499.29950931  269.25824036 1718.40041899  742.49579123  382.09946349
  1091.6501271  1780.84249725    0.          980.61205377 1730.78017091
  1461.64291125 1105.48631832 1951.3328778  1605.52172206 1356.24481566
  1079.12001186  629.68245966 1924.16215533 1253.9936204   805.0465825
  1514.001321    700.92795636  926.55275079  400.24992192  870.91905479]
 [   0.          456.94638635  466.9047012  1194.7384651   325.57641192
   724.22372234  732.46160309  968.7620967   595.39902586  937.44333162
   261.72504657  800.62475605  980.61205377    0.          788.16241981
   491.93495505  340.14702703 1053.61283212  700.3570518   396.23225512
   383.27535793  452.21676218  967.4709298   875.72826836  331.20990323
   631.34776471  924.39169187  496.48766349  639.53107821  884.13799828]
 [   0.         1238.22453537  967.4709298  1467.31046476  466.47615159
  1351.48066949 1465.36684827 1141.09596441 1351.03663903 1584.92902049
   641.95015383  362.49137921 1730.78017091  788.16241981    0.
   312.40998704  918.09585556  300.83217913  167.63054614  586.00341296
   694.62219947 1116.8258593   200.99751242 1435.44418213 1096.58560997
   775.24189773 1430.1398533  1192.01510058 1423.58701877 1288.75909308]
 [   0.          948.47245611  769.41536247 1385.71281296  200.
  1130.         1203.03782152  934.07708461 1039.47101932 1360.58810814
   411.94659848  361.38621999 1461.64291125  491.93495505  312.40998704
     0.          609.01559914  605.39243471  292.74562337  294.27877939
   515.46095875  873.67041841  477.07441768 1141.79682956  787.4642849
   541.29474411 1257.17938259  880.05681635 1131.45923479 1148.25955254]
 [   0.          574.89129407  796.30396206 1526.33548082  539.35146241
   984.78424033  905.20715861  662.87253677  478.53944456 1167.77566339
   580.51701095  784.92037813 1105.48631832  340.14702703  918.09585556
   609.01559914    0.         1214.33109159  887.69364085  346.55446902
   715.6814934   726.22310621 1055.50935571  561.4267539   300.66592757
   410.         1220.24587686  284.25340807  710.28163428 1206.15090267]
 [   0.         1488.38839017 1142.32219623 1511.98544967  728.35430939
  1531.01273672 1682.37926759 1421.26704036 1633.76864947 1761.39149538
   865.33230611  611.31006862 1951.3328778  1053.61283212  300.83217913
   605.39243471 1214.33109159    0.          354.68295702  886.39720216
   877.26848798 1323.78245947  275.13632984 1736.26034914 1374.40896388
  1068.87791632 1561.79384043 1483.84635323 1674.30582631 1396.06590102]
 [   0.         1134.06349029  817.86306922 1299.73074135  376.43060449
  1205.40449642 1337.53504627 1208.38735511 1286.00155521 1438.36712977
   514.78150705  490.40799341 1605.52172206  700.3570518   167.63054614
   292.74562337  887.69364085  354.68295702    0.          586.94122363
   545.71054599  982.34413522  361.24783736 1431.36298681 1024.49987799
   822.98238134 1270.35428129 1146.12390255 1320.03787824 1124.45542375]
 [   0.          817.43501271  819.87803971 1516.44320698  326.49655435
  1118.25757319 1120.04464197  679.77937597  815.41400528 1333.64163102
   488.36461788  447.2135955  1356.24481566  396.23225512  586.00341296
   294.27877939  346.55446902  886.39720216  586.94122363    0.
   629.3647591   846.46323015  710.63352018  850.94065598  592.36812878
   288.44410204 1301.88325129  630.31738037  984.88578018 1234.22040171]
 [   0.          671.19296778  272.94688128  890.22469074  331.20990323
   659.6969001   809.93826925 1292.7490089   931.45048178  892.69255626
   144.22205102  876.41314458 1079.12001186  383.27535793  694.62219947
   515.46095875  715.6814934   877.26848798  545.71054599  629.3647591
     0.          449.44410108  895.6003573  1258.9678312   678.96980787
   914.38503925  746.7261881   870.51708771  848.11555816  633.24560796]
 [   0.          320.15621187  228.25424421  852.34969349  674.75921631
   272.02941017  360.55512755 1388.09221596  674.68511174  491.62994213
   475.39457296 1220.04098292  629.68245966  452.21676218 1116.8258593
   873.67041841  726.22310621 1323.78245947  982.34413522  846.46323015
   449.44410108    0.         1314.7243057  1140.61386981  507.74009099
  1078.37841225  495.17673613  720.69410987  452.21676218  514.78150705]
 [   0.         1422.39235094 1168.41773352 1652.45272247  653.91130897
  1551.93427696 1660.27106221 1169.65806969 1508.94002532 1785.38511252
   839.34498271  353.55339059 1924.16215533  967.4709298   200.99751242
   477.07441768 1055.50935571  275.13632984  361.24783736  710.63352018
   895.6003573  1314.7243057     0.         1539.51290998 1262.10142223
   841.546196   1630.         1336.89939786 1606.54909667 1485.69848893]
 [   0.          864.00231481 1280.82004981 1990.60292374 1098.95404817
  1346.17977997 1159.74135047  619.83868869  524.02290026 1463.86474785
  1132.16606556 1214.94855858 1253.9936204   875.72826836 1435.44418213
  1141.79682956  561.4267539  1736.26034914 1431.36298681  850.94065598
  1258.9678312  1140.61386981 1539.51290998    0.          635.60994328
   718.40100223 1616.97247967  420.47592083  886.17154096 1654.69030335]
 [   0.          282.31188427  650.         1355.17526542  648.15121692
   735.52702194  614.65437443  935.20051326  264.19689627  893.58827208
   581.89346104 1038.70111197  805.0465825   331.20990323 1096.58560997
   787.4642849   300.66592757 1374.40896388 1024.49987799  592.36812878
   678.96980787  507.74009099 1262.10142223  635.60994328    0.
   710.28163428  994.88692825  215.40659229  410.         1020.        ]
 [   0.          978.67257037 1086.00184162 1796.55225362  614.00325732
  1348.51770474 1304.18556962  395.6008089   865.85218138 1549.51605348
   771.55686764  501.19856345 1514.001321    631.34776471  775.24189773
   541.29474411  410.         1068.87791632  822.98238134  288.44410204
   914.38503925 1078.37841225  841.546196    718.40100223  710.28163428
     0.         1555.53849197  655.20989004 1120.1785572  1504.16089565]
 [   0.          756.63729752  490.40799341  451.77427992 1062.30880633
   278.56776554  543.32310829 1880.42548377 1118.03398875  326.95565449
   848.99941107 1618.30157882  700.92795636  924.39169187 1430.1398533
  1257.17938259 1220.24587686 1561.79384043 1270.35428129 1301.88325129
   746.7261881   495.17673613 1630.         1616.97247967  994.88692825
  1555.53849197    0.         1202.08152802  800.81208782  198.49433241]
 [   0.          460.10868281  864.00231481 1570.12738337  778.7810989
   936.05555391  779.35871074  793.09520236  212.13203436 1074.47661678
   758.02374633 1068.31643252  926.55275079  496.48766349 1192.01510058
   880.05681635  284.25340807 1483.84635323 1146.12390255  630.31738037
   870.51708771  720.69410987 1336.89939786  420.47592083  215.40659229
   655.20989004 1202.08152802    0.          529.2447449  1234.34192994]
 [   0.          186.01075238  677.79052811 1233.20720076  957.18336801
   523.9274759   280.17851452 1318.97687622  362.35341864  586.00341296
   813.9410298  1423.37626789  400.24992192  639.53107821 1423.58701877
  1131.45923479  710.28163428 1674.30582631 1320.03787824  984.88578018
   848.11555816  452.21676218 1606.54909667  886.17154096  410.
  1120.1785572   800.81208782  529.2447449     0.          902.71811769]
 [   0.          820.06097334  418.68842831  338.37848631  962.54870007
   393.19206503  676.01775125 1852.8356646  1182.96238317  513.12766443
   755.91004756 1508.40975865  870.91905479  884.13799828 1288.75909308
  1148.25955254 1206.15090267 1396.06590102 1124.45542375 1234.22040171
   633.24560796  514.78150705 1485.69848893 1654.69030335 1020.
  1504.16089565  198.49433241 1234.34192994  902.71811769    0.        ]]
[info]: edge_weight:
 [[  0.   0.   0.   0.   0.   0.   0.   0.   0.   0.   0.   0.   0.   0.
    0.   0.   0.   0.   0.   0.   0.   0.   0.   0.   0.   0.   0.   0.
    0.   0.]
 [  0.   0.  97. 205. 139.  86.  60. 220.  65. 111. 115. 227.  95.  82.
  225. 168. 103. 266. 205. 149. 120.  58. 257. 152.  52. 180. 136.  82.
   34. 145.]
 [  0.  97.   0. 129. 103.  71. 105. 258. 154. 112.  65. 204. 150.  87.
  176. 137. 142. 204. 148. 148.  49.  41. 211. 226. 116. 197.  89. 153.
  124.  74.]
 [  0. 205. 129.   0. 219. 125. 175. 386. 269. 134. 184. 313. 201. 215.
  267. 248. 271. 274. 236. 272. 160. 151. 300. 350. 239. 322.  78. 276.
  220.  60.]
 [  0. 139. 103. 219.   0. 167. 182. 180. 162. 208.  39. 102. 227.  60.
   86.  34.  96. 129.  69.  58.  60. 120. 119. 192. 114. 110. 192. 136.
  173. 173.]
 [  0.  86.  71. 125. 167.   0.  51. 296. 150.  42. 131. 268.  88. 131.
  245. 201. 175. 275. 218. 202. 119.  50. 281. 238. 131. 244.  51. 166.
   95.  69.]
 [  0.  60. 105. 175. 182.  51.   0. 279. 114.  56. 150. 278.  46. 133.
  266. 214. 162. 302. 242. 203. 146.  67. 300. 205. 111. 238.  98. 139.
   52. 120.]
 [  0. 220. 258. 386. 180. 296. 279.   0. 178. 328. 206. 147. 308. 172.
  203. 165. 121. 251. 216. 122. 231. 249. 209. 111. 169.  72. 338. 144.
  237. 331.]
 [  0.  65. 154. 269. 162. 150. 114. 178.   0. 169. 151. 227. 133. 104.
  242. 182.  84. 290. 230. 146. 165. 121. 270.  91.  48. 158. 200.  39.
   64. 210.]
 [  0. 111. 112. 134. 208.  42.  56. 328. 169.   0. 172. 309.  68. 169.
  286. 242. 208. 315. 259. 240. 160.  90. 322. 260. 160. 281.  57. 192.
  107.  90.]
 [  0. 115.  65. 184.  39. 131. 150. 206. 151. 172.   0. 140. 195.  51.
  117.  72. 104. 153.  93.  88.  25.  85. 152. 200. 104. 139. 154. 134.
  149. 135.]
 [  0. 227. 204. 313. 102. 268. 278. 147. 227. 309. 140.   0. 320. 146.
   64.  68. 143. 106.  88.  81. 159. 219.  63. 216. 187.  88. 293. 191.
  258. 272.]
 [  0.  95. 150. 201. 227.  88.  46. 308. 133.  68. 195. 320.   0. 174.
  311. 258. 196. 347. 288. 243. 192. 113. 345. 222. 144. 274. 124. 165.
   71. 153.]
 [  0.  82.  87. 215.  60. 131. 133. 172. 104. 169.  51. 146. 174.   0.
  144.  86.  57. 189. 128.  71.  71.  82. 176. 150.  56. 114. 168.  83.
  115. 160.]
 [  0. 225. 176. 267.  86. 245. 266. 203. 242. 286. 117.  64. 311. 144.
    0.  61. 165.  51.  32. 105. 127. 201.  36. 254. 196. 136. 260. 212.
  258. 234.]
 [  0. 168. 137. 248.  34. 201. 214. 165. 182. 242.  72.  68. 258.  86.
   61.   0. 106. 110.  56.  49.  91. 153.  91. 197. 136.  94. 225. 151.
  201. 205.]
 [  0. 103. 142. 271.  96. 175. 162. 121.  84. 208. 104. 143. 196.  57.
  165. 106.   0. 215. 159.  64. 126. 128. 190.  98.  53.  78. 218.  48.
  127. 214.]
 [  0. 266. 204. 274. 129. 275. 302. 251. 290. 315. 153. 106. 347. 189.
   51. 110. 215.   0.  61. 155. 157. 235.  47. 305. 243. 186. 282. 261.
  300. 252.]
 [  0. 205. 148. 236.  69. 218. 242. 216. 230. 259.  93.  88. 288. 128.
   32.  56. 159.  61.   0. 105. 100. 176.  66. 253. 183. 146. 231. 203.
  239. 204.]
 [  0. 149. 148. 272.  58. 202. 203. 122. 146. 240.  88.  81. 243.  71.
  105.  49.  64. 155. 105.   0. 113. 152. 127. 150. 106.  52. 235. 112.
  179. 221.]
 [  0. 120.  49. 160.  60. 119. 146. 231. 165. 160.  25. 159. 192.  71.
  127.  91. 126. 157. 100. 113.   0.  79. 163. 220. 119. 164. 135. 152.
  153. 114.]
 [  0.  58.  41. 151. 120.  50.  67. 249. 121.  90.  85. 219. 113.  82.
  201. 153. 128. 235. 176. 152.  79.   0. 236. 201.  90. 195.  90. 127.
   84.  91.]
 [  0. 257. 211. 300. 119. 281. 300. 209. 270. 322. 152.  63. 345. 176.
   36.  91. 190.  47.  66. 127. 163. 236.   0. 273. 226. 148. 296. 238.
  291. 269.]
 [  0. 152. 226. 350. 192. 238. 205. 111.  91. 260. 200. 216. 222. 150.
  254. 197.  98. 305. 253. 150. 220. 201. 273.   0. 112. 130. 286.  74.
  155. 291.]
 [  0.  52. 116. 239. 114. 131. 111. 169.  48. 160. 104. 187. 144.  56.
  196. 136.  53. 243. 183. 106. 119.  90. 226. 112.   0. 130. 178.  38.
   75. 180.]
 [  0. 180. 197. 322. 110. 244. 238.  72. 158. 281. 139.  88. 274. 114.
  136.  94.  78. 186. 146.  52. 164. 195. 148. 130. 130.   0. 281. 120.
  205. 270.]
 [  0. 136.  89.  78. 192.  51.  98. 338. 200.  57. 154. 293. 124. 168.
  260. 225. 218. 282. 231. 235. 135.  90. 296. 286. 178. 281.   0. 213.
  145.  36.]
 [  0.  82. 153. 276. 136. 166. 139. 144.  39. 192. 134. 191. 165.  83.
  212. 151.  48. 261. 203. 112. 152. 127. 238.  74.  38. 120. 213.   0.
   94. 217.]
 [  0.  34. 124. 220. 173.  95.  52. 237.  64. 107. 149. 258.  71. 115.
  258. 201. 127. 300. 239. 179. 153.  84. 291. 155.  75. 205. 145.  94.
    0. 162.]
 [  0. 145.  74.  60. 173.  69. 120. 331. 210.  90. 135. 272. 153. 160.
  234. 205. 214. 252. 204. 221. 114.  91. 269. 291. 180. 270.  36. 217.
  162.   0.]]
[info] iteration 0, number in pareto front(moead.EP_X_ID's length): 128, moead.Z: [19590.35908849104, -5594.73798537379]
[info] start saving current solution in result file.
[info] iteration 10, number in pareto front(moead.EP_X_ID's length): 170, moead.Z: [15637.532776707667, -5594.73798537379]
[info] start saving current solution in result file.
[info] iteration 20, number in pareto front(moead.EP_X_ID's length): 153, moead.Z: [15637.532776707667, -5594.73798537379]
[info] start saving current solution in result file.
[info] iteration 30, number in pareto front(moead.EP_X_ID's length): 146, moead.Z: [15637.532776707667, -5594.73798537379]
[info] start saving current solution in result file.
[info] iteration 40, number in pareto front(moead.EP_X_ID's length): 138, moead.Z: [15637.532776707667, -5594.73798537379]
[info] start saving current solution in result file.
[info] iteration 50, number in pareto front(moead.EP_X_ID's length): 135, moead.Z: [15637.532776707667, -5594.73798537379]
[info] start saving current solution in result file.
[info] iteration 60, number in pareto front(moead.EP_X_ID's length): 134, moead.Z: [15637.532776707667, -5594.73798537379]
[info] start saving current solution in result file.
[info] iteration 70, number in pareto front(moead.EP_X_ID's length): 134, moead.Z: [15637.532776707667, -5594.73798537379]
[info] start saving current solution in result file.
[info] iteration 80, number in pareto front(moead.EP_X_ID's length): 127, moead.Z: [15637.532776707667, -5594.73798537379]
[info] start saving current solution in result file.
[info] iteration 90, number in pareto front(moead.EP_X_ID's length): 121, moead.Z: [15637.532776707667, -5594.73798537379]
[info] start saving current solution in result file.
[info] iteration 100, number in pareto front(moead.EP_X_ID's length): 118, moead.Z: [15637.532776707667, -5594.73798537379]
[info] start saving current solution in result file.
[info] experinced time:  105.93721675872803  s.
